#   U_SEM                    StDev_SEM                U_Diaphragm              StDev_Diaphragm          Inorm                    R         D         

1   6,30827562417835E-05     0                        -0,0127301122993231      8,21892304013528E-07     -4,95539668138968E-06    1000      0,053     
2   6,30827562417835E-05     0                        -0,012654347345233       4,38932329416275E-06     -4,98506596355975E-06    1000      0,053     
3   6,30827562417835E-05     0                        -0,0128302443772554      3,32948146062138E-07     -4,91672289216971E-06    1000      0,095     
4   6,30827562417835E-05     0                        -0,670869648456573       7,31945037841797E-05     -9,40313164963029E-08    1000      0,095     
5   2,60216565948213E-05     1,50976120494306E-10     1,0141007900238          0,000588119033019183     2,56598326821247E-08     1000      0,188     
6   6,30825234111398E-05     2,29221535876035E-10     -0,0128406696021557      6,61704853114132E-07     -4,9127129165094E-06     1000      0,188     
7   6,30827562417835E-05     0                        -0,0124913845211267      4,40050162887378E-07     -5,05010122257395E-06    1000      0,188     
8   6,3082727137953E-05      3,29432992225972E-11     -0,0125114442780614      0                        -5,04200200520155E-06    1000      0,188     
9   6,30827562417835E-05     0                        -0,0842021480202675      0,0658287899568678       -7,49182268207688E-07    1000      0,188     
10  6,30827562417835E-05     0                        -0,0125114666298032      2,23517417907715E-08     -5,04199532383486E-06    1000      0,188     
11  6,30827562417835E-05     0                        -0,012943597510457       2,34413892030716E-06     -4,87366485173997E-06    1000      0,188     
12  6,30827562417835E-05     0                        -0,0125157330185175      7,0004241440319E-09      -5,04027659813854E-06    1000      0,188     
13  6,30827562417835E-05     0                        -0,0127925965934992      6,11413447562259E-07     -4,93119248939971E-06    1000      0,188     
14  6,30827562417835E-05     0                        -0,668122351169586       6,83069229125977E-05     -9,44179701986523E-08    1000      0,188     
15  2,60216565948213E-05     1,50976120494306E-10     -0,667528331279755       2,0444393157959E-05      -3,89821006472246E-08    1000      0,188     
16  6,30825234111398E-05     2,29221535876035E-10     -0,0124915260821581      1,28219835544744E-05     -5,05002535288638E-06    1000      0,188     
17  6,30827562417835E-05     0                        -0,0130878118798137      2,45869159698486E-07     -4,8199620242923E-06     1000      0,188     
18  6,3082727137953E-05      3,29432992225972E-11     -0,0126266200095415      1,80211519816661E-07     -4,99601057846704E-06    1000      0,188     
19  6,30827562417835E-05     0                        -0,0128796547651291      6,34696505422615E-07     -4,89786080389176E-06    1000      0,188     
20  6,30827562417835E-05     0                        -0,01258978061378        7,0004241440319E-09      -5,01063189081602E-06    1000      0,188     

