#   U_SEM               StDev_SEM           U_Channel1          StDev_Ch1           U_Channel2          StDev_Ch2           

0   1,22500002384186    0,0750000000000038  1,36202788352966    0,317338610089384   1,36202788352966    0,317338610089384   
1   1,22500002384186    0,0750000000000038  1,36202788352966    0,317338610089384   1,36202788352966    0,317338610089384   
2   1,22500002384186    0,0750000000000038  1,36202788352966    0,317338610089384   1,36202788352966    0,317338610089384   
3   1,22500002384186    0,0750000000000038  1,36202788352966    0,317338610089384   1,36202788352966    0,317338610089384   
4   1,22500002384186    0,0750000000000038  1,36202788352966    0,317338610089384   1,36202788352966    0,317338610089384   
5   1,22500002384186    0,0750000000000038  1,36202788352966    0,317338610089384   1,36202788352966    0,317338610089384   
5   1,22500002384186    0,0750000000000038  1,36202788352966    0,317338610089384   1,36202788352966    0,317338610089384   

